# Buser's U filter (R. Buser)
  3050.  0.
  3100.  0.0199999996
  3150.  0.0769999996
  3200.  0.135000005
  3250.  0.203999996
  3300.  0.282000005
  3350.  0.38499999
  3400.  0.493000001
  3450.  0.600000024
  3500.  0.704999983
  3550.  0.819999993
  3600.  0.899999976
  3650.  0.958999991
  3700.  0.992999971
  3750.  1.
  3800.  0.975000024
  3850.  0.850000024
  3900.  0.644999981
  3950.  0.400000006
  4000.  0.223000005
  4050.  0.125
  4100.  0.057
  4150.  0.00499999989
  4200.  0.
# Buser's B2 filter (R. Buser)
  3600.  0.
  3650.  0.00600000005
  3700.  0.023
  3750.  0.0450000018
  3800.  0.105999999
  3850.  0.254000008
  3900.  0.492000014
  3950.  0.751999974
  4000.  0.880999982
  4050.  0.922999978
  4100.  0.954999983
  4150.  0.976999998
  4200.  0.99000001
  4250.  1.
  4300.  1.
  4350.  0.996999979
  4400.  0.984000027
  4450.  0.958000004
  4500.  0.916000009
  4550.  0.870999992
  4600.  0.819999993
  4650.  0.774999976
  4700.  0.72299999
  4750.  0.671999991
  4800.  0.616999984
  4850.  0.569000006
  4900.  0.510999978
  4950.  0.456999987
  5000.  0.40200001
  5050.  0.347000003
  5100.  0.298999995
  5150.  0.244000003
  5200.  0.199000001
  5250.  0.153999999
  5300.  0.112999998
  5350.  0.0839999989
  5400.  0.050999999
  5450.  0.0289999992
  5500.  0.00999999978
  5550.  0.
# Buser's B3 filter (R. Buser)
  3600.  0.
  3650.  0.00600000005
  3700.  0.0299999993
  3750.  0.0599999987
  3800.  0.134000003
  3850.  0.301999986
  3900.  0.566999972
  3950.  0.841000021
  4000.  0.958999991
  4050.  0.98299998
  4100.  0.995999992
  4150.  1.
  4200.  0.995999992
  4250.  0.986999989
  4300.  0.973999977
  4350.  0.957000017
  4400.  0.930999994
  4450.  0.897000015
  4500.  0.848999977
  4550.  0.800000012
  4600.  0.748000026
  4650.  0.698000014
  4700.  0.648000002
  4750.  0.597000003
  4800.  0.545000017
  4850.  0.497000009
  4900.  0.446999997
  4950.  0.397000015
  5000.  0.344999999
  5050.  0.296999991
  5100.  0.252000004
  5150.  0.207000002
  5200.  0.165999994
  5250.  0.128999993
  5300.  0.0949999988
  5350.  0.0689999983
  5400.  0.0430000015
  5450.  0.0240000002
  5500.  0.00899999961
  5550.  0.
# Buser's V filter (R. Buser)
  4750.  0.
  4800.  0.0299999993
  4850.  0.0839999989
  4900.  0.163000003
  4950.  0.300999999
  5000.  0.458000004
  5050.  0.629999995
  5100.  0.779999971
  5150.  0.894999981
  5200.  0.967000008
  5250.  0.996999979
  5300.  1.
  5350.  0.987999976
  5400.  0.958000004
  5450.  0.91900003
  5500.  0.876999974
  5550.  0.819000006
  5600.  0.764999986
  5650.  0.711000025
  5700.  0.657000005
  5750.  0.601999998
  5800.  0.545000017
  5850.  0.488000005
  5900.  0.433999985
  5950.  0.386000007
  6000.  0.331
  6050.  0.289000005
  6100.  0.25
  6150.  0.214000002
  6200.  0.180999994
  6250.  0.150999993
  6300.  0.119999997
  6350.  0.0930000022
  6400.  0.0689999983
  6450.  0.050999999
  6500.  0.0359999985
  6550.  0.0270000007
  6600.  0.0209999997
  6650.  0.0179999992
  6700.  0.0160000008
  6750.  0.0140000004
  6800.  0.0120000001
  6850.  0.0109999999
  6900.  0.00999999978
  6950.  0.00899999961
  7000.  0.00800000038
  7050.  0.00700000022
  7100.  0.00600000005
  7150.  0.00499999989
  7200.  0.00400000019
  7250.  0.00300000003
  7300.  0.00200000009
  7350.  0.00100000005
  7400.  0.
# Johnson's R filter
  5200.  0.
  5400.  0.0599999987
  5600.  0.280000001
  5800.  0.5
  6000.  0.689999998
  6200.  0.790000021
  6400.  0.879999995
  6600.  0.939999998
  6800.  0.980000019
  7000.  1.
  7200.  0.939999998
  7400.  0.850000024
  7600.  0.730000019
  7800.  0.569999993
  8000.  0.419999987
  8200.  0.310000002
  8400.  0.170000002
  8600.  0.109999999
  8800.  0.0599999987
  9000.  0.0399999991
  9200.  0.0199999996
  9400.  0.00999999978
  9600.  0.
# Johnson's I filter
  6800.  0.
  7000.  0.00999999978
  7200.  0.170000002
  7400.  0.360000014
  7600.  0.560000002
  7800.  0.75999999
  8000.  0.959999979
  8200.  0.980000019
  8400.  0.99000001
  8600.  1.
  8800.  0.980000019
  9000.  0.930000007
  9200.  0.839999974
  9400.  0.709999979
  9600.  0.579999983
  9800.  0.469999999
  10000.  0.360000014
  10200.  0.280000001
  10400.  0.200000003
  10600.  0.150000006
  10800.  0.100000001
  11000.  0.0799999982
  11200.  0.0500000007
  11400.  0.0299999993
  11600.  0.0199999996
  12000.  0.
# Johnson's J filter
  9600.  0.
  9800.  0.0199999996
  10000.  0.0299999993
  10200.  0.0599999987
  10400.  0.159999996
  10600.  0.349999994
  10800.  0.620000005
  11000.  0.930000007
  11200.  0.850000024
  11400.  0.779999971
  11600.  0.779999971
  11800.  0.800000012
  12000.  0.850000024
  12200.  0.930000007
  12400.  0.75
  12600.  0.639999986
  12800.  0.629999995
  13000.  0.629999995
  13200.  0.660000026
  13400.  0.680000007
  13600.  0.699999988
  13800.  0.699999988
  14000.  0.660000026
  14200.  0.600000024
  14400.  0.460000008
  14600.  0.270000011
  14800.  0.140000001
  15000.  0.0900000036
  15200.  0.0599999987
  15400.  0.0199999996
  15600.  0.
# Johnson's K filter
  18000.  0.
  18500.  0.100000001
  19000.  0.479999989
  19500.  0.949999988
  20000.  1.
  20500.  0.980000019
  21000.  0.959999979
  21500.  0.949999988
  22000.  0.970000029
  22500.  0.959999979
  23000.  0.939999998
  23500.  0.949999988
  24000.  0.949999988
  24500.  0.839999974
  25000.  0.460000008
  25500.  0.0799999982
  26000.  0.
# Johnson's L filter
  29000.  0.
  30000.  0.140000001
  31000.  0.680000007
  32000.  0.949999988
  33000.  1.
  34000.  1.
  35000.  0.980000019
  36000.  0.850000024
  37000.  0.689999998
  38000.  0.389999986
  39000.  0.209999993
  40000.  0.100000001
  41000.  0.0199999996
  42000.  0.
# SDSS Camera u Response Function, airmass = 1.3 (June 2001)
  2980.  0.
  3005.  9.99999975E-05
  3030.  0.000500000024
  3055.  0.0013
  3080.  0.00260000001
  3105.  0.00520000001
  3130.  0.00930000003
  3155.  0.0161000006
  3180.  0.0240000002
  3205.  0.0322999991
  3230.  0.0405000001
  3255.  0.0485000014
  3280.  0.0560999997
  3305.  0.0634000003
  3330.  0.0700000003
  3355.  0.0755999982
  3380.  0.0803000033
  3405.  0.0847999975
  3430.  0.0882999972
  3455.  0.0917000026
  3480.  0.0958999991
  3505.  0.100100003
  3530.  0.102899998
  3555.  0.104400001
  3580.  0.105300002
  3605.  0.106299996
  3630.  0.107500002
  3655.  0.108499996
  3680.  0.108400002
  3705.  0.106399998
  3730.  0.102399997
  3755.  0.0966000035
  3780.  0.0886999965
  3805.  0.0786999986
  3830.  0.0671999976
  3855.  0.0549000017
  3880.  0.0412999988
  3905.  0.0267999992
  3930.  0.0144999996
  3955.  0.00749999983
  3980.  0.00419999985
  4005.  0.00219999999
  4030.  0.00100000005
  4055.  0.000600000028
  4080.  0.00039999999
  4105.  0.000199999995
  4130.  0.
# SDSS Camera g Response Function, airmass = 1.3 (June 2001)
  3630.  0.
  3655.  0.000300000014
  3680.  0.00079999998
  3705.  0.0013
  3730.  0.00190000003
  3755.  0.00240000011
  3780.  0.00340000005
  3805.  0.00549999997
  3830.  0.0103000002
  3855.  0.0194000006
  3880.  0.0326000005
  3905.  0.0491999984
  3930.  0.068599999
  3955.  0.0900000036
  3980.  0.112300001
  4005.  0.134200007
  4030.  0.154499993
  4055.  0.172199994
  4080.  0.187299997
  4105.  0.200299993
  4130.  0.211600006
  4155.  0.221399993
  4180.  0.230100006
  4205.  0.237800002
  4230.  0.244800001
  4255.  0.251300007
  4280.  0.257400006
  4305.  0.263300002
  4330.  0.26910001
  4355.  0.274699986
  4380.  0.280099988
  4405.  0.2852
  4430.  0.289900005
  4455.  0.294
  4480.  0.297899991
  4505.  0.301600009
  4530.  0.305500001
  4555.  0.309700012
  4580.  0.314099997
  4605.  0.318399996
  4630.  0.322400004
  4655.  0.325700015
  4680.  0.328399986
  4705.  0.33070001
  4730.  0.332700014
  4755.  0.334600002
  4780.  0.336400002
  4805.  0.33829999
  4830.  0.340299994
  4855.  0.342500001
  4880.  0.344799995
  4905.  0.347200006
  4930.  0.3495
  4955.  0.351900011
  4980.  0.354099989
  5005.  0.35620001
  5030.  0.358099997
  5055.  0.359699994
  5080.  0.360900015
  5105.  0.361299992
  5130.  0.360900015
  5155.  0.359499991
  5180.  0.358099997
  5205.  0.355800003
  5230.  0.345200002
  5255.  0.319400012
  5280.  0.280699998
  5305.  0.233899996
  5330.  0.183899999
  5355.  0.135199994
  5380.  0.0910999998
  5405.  0.0548
  5430.  0.0295000002
  5455.  0.0165999997
  5480.  0.0111999996
  5505.  0.00769999996
  5530.  0.00499999989
  5555.  0.00319999992
  5580.  0.00209999993
  5605.  0.00150000001
  5630.  0.00120000006
  5655.  0.00100000005
  5680.  0.000899999985
  5705.  0.00079999998
  5730.  0.000600000028
  5755.  0.000500000024
  5780.  0.000300000014
  5805.  9.99999975E-05
  5830.  0.
# SDSS Camera r Response Function, airmass = 1.3 (June 2001)
  5380.  0.
  5405.  0.00139999995
  5430.  0.00989999995
  5455.  0.0259000007
  5480.  0.0496999994
  5505.  0.0807000026
  5530.  0.118600003
  5555.  0.162499994
  5580.  0.209299996
  5605.  0.255499989
  5630.  0.297500014
  5655.  0.332599998
  5680.  0.360900015
  5705.  0.383399993
  5730.  0.400999993
  5755.  0.414700001
  5780.  0.425300002
  5805.  0.433299989
  5830.  0.439500004
  5855.  0.444599986
  5880.  0.448900014
  5905.  0.452699989
  5930.  0.45629999
  5955.  0.459899992
  5980.  0.463400006
  6005.  0.466500014
  6030.  0.468899995
  6055.  0.470299989
  6080.  0.471100003
  6105.  0.471700013
  6130.  0.4727
  6155.  0.474400014
  6180.  0.476700008
  6205.  0.479200006
  6230.  0.481900007
  6255.  0.484400004
  6280.  0.486699998
  6305.  0.488700002
  6330.  0.490200013
  6355.  0.49090001
  6380.  0.4912
  6405.  0.4912
  6430.  0.4912
  6455.  0.491400003
  6480.  0.49149999
  6505.  0.4912
  6530.  0.490099996
  6555.  0.487800002
  6580.  0.485199988
  6605.  0.48179999
  6630.  0.469700009
  6655.  0.442099988
  6680.  0.400900006
  6705.  0.349900007
  6730.  0.292400002
  6755.  0.231800005
  6780.  0.171499997
  6805.  0.115199998
  6830.  0.0687000006
  6855.  0.0379999988
  6880.  0.0211999994
  6905.  0.0133999996
  6930.  0.00989999995
  6955.  0.00760000013
  6980.  0.00549999997
  7005.  0.00389999989
  7030.  0.00270000007
  7055.  0.00200000009
  7080.  0.00150000001
  7105.  0.00120000006
  7130.  0.00100000005
  7155.  0.000699999975
  7180.  0.00039999999
  7205.  0.000199999995
  7230.  0.
# SDSS Camera i Response Function, airmass = 1.3 (June 2001)
  6430.  0.
  6455.  9.99999975E-05
  6480.  0.000300000014
  6505.  0.00039999999
  6530.  0.00039999999
  6555.  0.000300000014
  6580.  0.000300000014
  6605.  0.00039999999
  6630.  0.000899999985
  6655.  0.00190000003
  6680.  0.00340000005
  6705.  0.0055999998
  6730.  0.0103000002
  6755.  0.0194000006
  6780.  0.0344000012
  6805.  0.0560999997
  6830.  0.0838999972
  6855.  0.116400003
  6880.  0.152799994
  6905.  0.194800004
  6930.  0.240799993
  6955.  0.285699993
  6980.  0.323300004
  7005.  0.350300014
  7030.  0.3759
  7055.  0.398999989
  7080.  0.416200012
  7105.  0.423299998
  7130.  0.416500002
  7155.  0.394300014
  7180.  0.375999987
  7205.  0.382299989
  7230.  0.391799986
  7255.  0.389200002
  7280.  0.382800013
  7305.  0.381999999
  7330.  0.388399988
  7355.  0.387199998
  7380.  0.382099986
  7405.  0.378699988
  7430.  0.3759
  7455.  0.372700006
  7480.  0.368099988
  7505.  0.361799985
  7530.  0.3565
  7555.  0.355399996
  7580.  0.347799987
  7605.  0.147300005
  7630.  0.209600002
  7655.  0.264800012
  7680.  0.330000013
  7705.  0.325599998
  7730.  0.322299987
  7755.  0.317900002
  7780.  0.312900007
  7805.  0.307700008
  7830.  0.302599996
  7855.  0.298000008
  7880.  0.294400007
  7905.  0.292100012
  7930.  0.291599989
  7955.  0.292100012
  7980.  0.292699993
  8005.  0.292299986
  8030.  0.289600015
  8055.  0.284000009
  8080.  0.27579999
  8105.  0.264200002
  8130.  0.242699996
  8155.  0.209099993
  8180.  0.168899998
  8205.  0.127599999
  8230.  0.0900999978
  8255.  0.0603
  8280.  0.0377999991
  8305.  0.0218000002
  8330.  0.0116999997
  8355.  0.00680000009
  8380.  0.00480000023
  8405.  0.00329999998
  8430.  0.00200000009
  8455.  0.0013
  8480.  0.00100000005
  8505.  0.000899999985
  8530.  0.000899999985
  8555.  0.00079999998
  8580.  0.000500000024
  8605.  0.000199999995
  8630.  0.
# SDSS Camera z Response Function, airmass = 1.3 (June 2001)
  7730.  0.
  7755.  0.
  7780.  9.99999975E-05
  7805.  9.99999975E-05
  7830.  9.99999975E-05
  7855.  0.000199999995
  7880.  0.000199999995
  7905.  0.000300000014
  7930.  0.000500000024
  7955.  0.000699999975
  7980.  0.00109999999
  8005.  0.00170000002
  8030.  0.00270000007
  8055.  0.00400000019
  8080.  0.0057000001
  8105.  0.00789999962
  8130.  0.0105999997
  8155.  0.0138999997
  8180.  0.0177999996
  8205.  0.0221999995
  8230.  0.0271000005
  8255.  0.0324000008
  8280.  0.0381999984
  8305.  0.0445999987
  8330.  0.0511000007
  8355.  0.056400001
  8380.  0.0603
  8405.  0.063699998
  8430.  0.0666999966
  8455.  0.0693999976
  8480.  0.0716999993
  8505.  0.0736000016
  8530.  0.0751999989
  8555.  0.0764999986
  8580.  0.0775000006
  8605.  0.0781999975
  8630.  0.0785999969
  8655.  0.0786999986
  8680.  0.0785000026
  8705.  0.0780000016
  8730.  0.077200003
  8755.  0.0763000026
  8780.  0.0750999972
  8805.  0.0737999976
  8830.  0.072300002
  8855.  0.0707999989
  8880.  0.0693000033
  8905.  0.067400001
  8930.  0.0631999969
  8955.  0.0581
  8980.  0.054299999
  9005.  0.0526000001
  9030.  0.0522999987
  9055.  0.0522000007
  9080.  0.0511999987
  9105.  0.0496000014
  9130.  0.0480999984
  9155.  0.0472999997
  9180.  0.0476000011
  9205.  0.0482000001
  9230.  0.0476000011
  9255.  0.0447000004
  9280.  0.0390999988
  9305.  0.0329000019
  9330.  0.0283000004
  9355.  0.0263999999
  9380.  0.0271000005
  9405.  0.0283000004
  9430.  0.0274999999
  9455.  0.0253999997
  9480.  0.0252
  9505.  0.0255999994
  9530.  0.0245999992
  9555.  0.0243999995
  9580.  0.0252
  9605.  0.0258000009
  9630.  0.0264999997
  9655.  0.0274
  9680.  0.0278999992
  9705.  0.0271000005
  9730.  0.0252
  9755.  0.0236000009
  9780.  0.0227000006
  9805.  0.0221999995
  9830.  0.0216000006
  9855.  0.0208000001
  9880.  0.0196000002
  9905.  0.0183000006
  9930.  0.0171000008
  9955.  0.0160000008
  9980.  0.0148999998
  10005.  0.0137999998
  10030.  0.0127999997
  10055.  0.0118000004
  10080.  0.0108000003
  10105.  0.00989999995
  10130.  0.00910000037
  10155.  0.00829999987
  10180.  0.00749999983
  10205.  0.00680000009
  10230.  0.00609999988
  10255.  0.00549999997
  10280.  0.00499999989
  10305.  0.00449999981
  10330.  0.00410000002
  10355.  0.0037
  10380.  0.00329999998
  10405.  0.00300000003
  10430.  0.00270000007
  10455.  0.00249999994
  10480.  0.00230000005
  10505.  0.00209999993
  10530.  0.00190000003
  10555.  0.00179999997
  10580.  0.00170000002
  10605.  0.00159999996
  10630.  0.00150000001
  10655.  0.00139999995
  10680.  0.0013
  10705.  0.00120000006
  10730.  0.00109999999
  10755.  0.00100000005
  10780.  0.000899999985
  10805.  0.00079999998
  10830.  0.00079999998
  10855.  0.000699999975
  10880.  0.000600000028
  10905.  0.000600000028
  10930.  0.000600000028
  10955.  0.000500000024
  10980.  0.000500000024
  11005.  0.00039999999
  11030.  0.00039999999
  11055.  0.000300000014
  11080.  0.000300000014
  11105.  0.000199999995
  11130.  0.000199999995
  11155.  9.99999975E-05
  11180.  9.99999975E-05
  11205.  0.
  11230.  0.
# 2MASS J filter (total response w/atm)
  10620.  0.
  10660.  0.000500000024
  10700.  0.00200000009
  10750.  0.00340000005
  10780.  0.00710000005
  10820.  0.0157999992
  10840.  0.0262000002
  10870.  0.0395999998
  10890.  0.0522999987
  10930.  0.0665000007
  10960.  0.0727000013
  11020.  0.0926999971
  11050.  0.273600012
  11070.  0.340999991
  11090.  0.358399987
  11120.  0.380100012
  11160.  0.33070001
  11170.  0.239500001
  11200.  0.239399999
  11230.  0.283300012
  11280.  0.25819999
  11290.  0.25150001
  11320.  0.538100004
  11340.  0.223199993
  11380.  0.536899984
  11400.  0.110200003
  11430.  0.529200017
  11470.  0.261900008
  11540.  0.320199996
  11590.  0.1743
  11640.  0.606999993
  11670.  0.617900014
  11700.  0.676299989
  11730.  0.727900028
  11750.  0.746500015
  11790.  0.83039999
  11820.  0.790300012
  11860.  0.809599996
  11880.  0.836899996
  11920.  0.836000025
  11950.  0.749899983
  11990.  0.708000004
  12020.  0.698800027
  12090.  0.704900026
  12160.  0.700399995
  12210.  0.732800007
  12270.  0.70569998
  12310.  0.842400014
  12360.  0.921899974
  12400.  0.952499986
  12440.  0.967599988
  12470.  0.959500015
  12530.  0.922699988
  12550.  0.893000007
  12580.  0.852900028
  12600.  0.802299976
  12650.  0.750100017
  12700.  0.67809999
  12750.  0.652400017
  12790.  0.638800025
  12860.  0.642400026
  12920.  0.648599982
  12970.  0.682399988
  13020.  0.752900004
  13050.  0.775900006
  13070.  0.811800003
  13100.  0.77700001
  13130.  0.721000016
  13160.  0.952499986
  13190.  0.855099976
  13230.  0.841400027
  13260.  1.
  13300.  0.894699991
  13330.  0.854900002
  13340.  0.537899971
  13360.  0.279900014
  13390.  0.906499982
  13430.  0.689300001
  13460.  0.553300023
  13490.  0.243200004
  13530.  0.0143999998
  13550.  0.000199999995
  13600.  0.0401000008
  13630.  0.00449999981
  13700.  0.000300000014
  13730.  0.0372000001
  13770.  0.000500000024
  13830.  0.
  13880.  9.99999975E-05
  13920.  0.00329999998
  13950.  0.000300000014
  13960.  0.00850000046
  13980.  0.124200001
  13970.  0.0241999999
  14000.  9.99999975E-05
  14000.  9.99999975E-05
  14020.  0.052099999
  14040.  0.0104
  14060.  0.0478000008
  14070.  0.00039999999
  14100.  0.00240000011
  14120.  0.00529999984
  14160.  0.00860000029
  14210.  0.000699999975
  14260.  0.000300000014
  14420.  0.00039999999
  14590.  0.000300000014
  14940.  0.
  15000.  0.
# 2MASS H filter (total response w/atm)
  13000.  0.
  13150.  0.
  13410.  0.
  13680.  0.
  13970.  0.
  14180.  0.
  14400.  0.000500000024
  14620.  0.0027999999
  14780.  0.00810000021
  14860.  0.0286999997
  14930.  0.0870999992
  15040.  0.201399997
  15150.  0.438199997
  15280.  0.686399996
  15390.  0.818099976
  15460.  0.882099986
  15510.  0.911800027
  15560.  0.926900029
  15650.  0.92930001
  15720.  0.872699976
  15770.  0.856599987
  15830.  0.882600009
  15920.  0.918099999
  15970.  0.926699996
  16020.  0.907599986
  16130.  0.925999999
  16190.  0.92049998
  16280.  0.924199998
  16330.  0.923500001
  16420.  0.941799998
  16480.  0.949100018
  16570.  0.980700016
  16590.  0.993700027
  16710.  1.
  16840.  0.956099987
  17010.  0.924099982
  17150.  0.98210001
  17270.  0.991599977
  17390.  0.988699973
  17460.  0.979200006
  17510.  0.968200028
  17530.  0.936999977
  17560.  0.91900003
  17640.  0.842299998
  17750.  0.667100012
  17850.  0.269400001
  17900.  0.451599985
  17960.  0.173099995
  18030.  0.107699998
  18100.  0.0706999972
  18130.  0.00510000018
  18180.  0.0199999996
  18280.  0.00039999999
  18350.  0.
  18500.  9.99999975E-05
  18710.  0.
  18930.  0.
  19150.  0.
# 2MASS Ks filter (total response w/atm)
  18970.  0.
  19150.  0.
  19270.  0.
  19340.  0.000199999995
  19390.  0.000500000024
  19480.  0.00540000014
  19570.  0.0119000003
  19620.  0.0197000001
  19690.  0.0421999991
  19760.  0.0873000026
  19810.  0.152799994
  19890.  0.248199999
  19900.  0.190200001
  19980.  0.233899996
  20080.  0.29460001
  20140.  0.398200005
  20190.  0.336600006
  20280.  0.620700002
  20370.  0.764999986
  20450.  0.746399999
  20610.  0.625100017
  20720.  0.725499988
  20750.  0.689499974
  20820.  0.787899971
  20890.  0.818099976
  20990.  0.822799981
  21060.  0.863300025
  21130.  0.877799988
  21240.  0.895299971
  21240.  0.898199975
  21380.  0.918900013
  21450.  0.926800013
  21550.  0.926699996
  21690.  0.900900006
  21760.  0.922800004
  21850.  0.842800021
  21970.  0.945900023
  22080.  0.980400026
  22130.  0.987900019
  22180.  0.984799981
  22320.  0.964699984
  22370.  0.981599987
  22480.  0.983399987
  22560.  0.961300015
  22600.  0.979200006
  22630.  1.
  22650.  0.963199973
  22700.  0.98119998
  22720.  0.968100011
  22760.  0.910899997
  22770.  0.98210001
  22810.  0.889599979
  22840.  0.891799986
  22860.  0.942399979
  22910.  0.840399981
  22930.  0.804199994
  22960.  0.702000022
  22960.  0.66049999
  22990.  0.560699999
  23060.  0.443699986
  23110.  0.348199993
  23160.  0.230199993
  23200.  0.162599996
  23250.  0.136000007
  23280.  0.0921000019
  23350.  0.0623999983
  23390.  0.0430999994
  23450.  0.0307
  23450.  0.0252999999
  23520.  0.0118000004
  23610.  0.00680000009
  23630.  0.000699999975
  23700.  0.00300000003
  23750.  0.00209999993
  23840.  0.00039999999
  23990.  0.
  24290.  0.00039999999
  24740.  0.
#R Cousins from Bessel (1990)
5500.	0.
5600.	0.23	
5700.	0.74
5800.	0.91
5900.	0.98
6000.	1.
6100.	0.98
6200.	0.96
6300.	0.93
6400.	0.9
6500.	0.86
6600.	0.81
6700.	0.78
6800.	0.72
6900.	0.67
7000.	0.61
7100.	0.56
7200.	0.51
7300.	0.46
7400.	0.4
7500.	0.35
8000.	0.14
8500.	0.03
9000.	0.
#I Cousins from Cousins (1980)
7000.	   0.
7100.	   0.011	
7200.	   0.106
7300.	   0.254
7400.	   0.359
7500.	   0.415
7600.	   0.44
7700.	   0.451
7800.	   0.453
7900.	   0.455
8000.	   0.457
8100.	   0.457
8200.	   0.455
8300.	   0.45
8400.	   0.437
8500.	   0.428
8600.	   0.41
8700.	   0.382
8800.	   0.327
8900.	   0.26
9000.	   0.183
9100.	   0.115
9200.	   0.024
9300. 	   0.
#  WISE W1 (3.4 microns)
2.760e+04	1.375e-02
2.770e+04	2.355e-02
2.780e+04	4.521e-02
2.790e+04	8.887e-02
2.800e+04	1.556e-01
2.810e+04	2.301e-01
2.820e+04	2.837e-01
2.830e+04	3.069e-01
2.840e+04	3.043e-01
2.850e+04	2.942e-01
2.860e+04	2.821e-01
2.870e+04	2.681e-01
2.880e+04	2.550e-01
2.890e+04	2.540e-01
2.900e+04	2.662e-01
2.910e+04	2.890e-01
2.920e+04	3.150e-01
2.930e+04	3.378e-01
2.940e+04	3.570e-01
2.950e+04	3.736e-01
2.960e+04	3.886e-01
2.970e+04	4.055e-01
2.980e+04	4.214e-01
2.990e+04	4.326e-01
3.000e+04	4.370e-01
3.010e+04	4.414e-01
3.020e+04	4.458e-01
3.030e+04	4.453e-01
3.040e+04	4.379e-01
3.050e+04	4.284e-01
3.060e+04	4.148e-01
3.070e+04	4.001e-01
3.080e+04	3.823e-01
3.090e+04	3.674e-01
3.100e+04	3.594e-01
3.110e+04	3.677e-01
3.120e+04	3.954e-01
3.130e+04	4.375e-01
3.140e+04	4.769e-01
3.150e+04	5.072e-01
3.160e+04	5.284e-01
3.170e+04	5.446e-01
3.180e+04	5.588e-01
3.190e+04	5.720e-01
3.200e+04	5.832e-01
3.210e+04	5.903e-01
3.220e+04	5.974e-01
3.230e+04	6.024e-01
3.240e+04	6.064e-01
3.250e+04	6.029e-01
3.260e+04	5.984e-01
3.270e+04	5.960e-01
3.280e+04	5.999e-01
3.290e+04	6.179e-01
3.300e+04	6.532e-01
3.310e+04	6.995e-01
3.320e+04	7.482e-01
3.330e+04	7.918e-01
3.340e+04	8.225e-01
3.350e+04	8.402e-01
3.360e+04	8.405e-01
3.370e+04	8.265e-01
3.380e+04	8.102e-01
3.390e+04	7.906e-01
3.400e+04	7.696e-01
3.410e+04	7.585e-01
3.420e+04	7.752e-01
3.430e+04	8.212e-01
3.440e+04	8.830e-01
3.450e+04	9.397e-01
3.460e+04	9.763e-01
3.470e+04	9.950e-01
3.480e+04	1.000e+00
3.490e+04	9.983e-01
3.500e+04	9.977e-01
3.510e+04	9.973e-01
3.520e+04	9.967e-01
3.530e+04	9.961e-01
3.540e+04	9.886e-01
3.550e+04	9.751e-01
3.560e+04	9.569e-01
3.570e+04	9.363e-01
3.580e+04	9.155e-01
3.590e+04	9.029e-01
3.600e+04	9.007e-01
3.610e+04	9.138e-01
3.620e+04	9.364e-01
3.630e+04	9.580e-01
3.640e+04	9.701e-01
3.650e+04	9.752e-01
3.660e+04	9.755e-01
3.670e+04	9.757e-01
3.680e+04	9.748e-01
3.690e+04	9.738e-01
3.700e+04	9.729e-01
3.710e+04	9.744e-01
3.720e+04	9.746e-01
3.730e+04	9.674e-01
3.740e+04	9.395e-01
3.750e+04	8.846e-01
3.760e+04	7.986e-01
3.770e+04	6.829e-01
3.780e+04	5.480e-01
3.790e+04	4.073e-01
3.800e+04	2.819e-01
3.810e+04	1.853e-01
3.820e+04	1.157e-01
3.830e+04	7.080e-02
3.840e+04	4.365e-02
3.850e+04	2.760e-02
3.860e+04	1.760e-02
3.870e+04	1.102e-02
3.880e+04	6.761e-03
3.890e+04	4.791e-03
3.900e+04	3.984e-03
3.910e+04	3.139e-03
3.920e+04	2.381e-03
3.930e+04	2.255e-03
3.940e+04	1.812e-03
3.950e+04	1.512e-03
3.960e+04	1.134e-03
#  WISE W2 (4.6 microns)
3.950e+04	1.312e-03
3.960e+04	9.263e-03
3.970e+04	1.148e-02
3.980e+04	1.451e-02
3.990e+04	1.867e-02
4.000e+04	2.442e-02
4.010e+04	3.443e-02
4.020e+04	5.056e-02
4.030e+04	7.503e-02
4.040e+04	1.100e-01
4.050e+04	1.570e-01
4.060e+04	2.247e-01
4.070e+04	3.065e-01
4.080e+04	3.971e-01
4.090e+04	4.939e-01
4.100e+04	5.889e-01
4.110e+04	6.727e-01
4.120e+04	7.415e-01
4.130e+04	7.976e-01
4.140e+04	8.386e-01
4.150e+04	8.631e-01
4.160e+04	8.807e-01
4.170e+04	8.911e-01
4.180e+04	8.956e-01
4.190e+04	8.954e-01
4.200e+04	8.939e-01
4.210e+04	8.888e-01
4.220e+04	8.825e-01
4.230e+04	8.761e-01
4.240e+04	8.770e-01
4.250e+04	8.803e-01
4.260e+04	8.811e-01
4.270e+04	8.783e-01
4.280e+04	8.779e-01
4.290e+04	8.812e-01
4.300e+04	8.882e-01
4.310e+04	8.952e-01
4.320e+04	9.022e-01
4.330e+04	9.067e-01
4.340e+04	9.101e-01
4.350e+04	9.109e-01
4.360e+04	9.081e-01
4.370e+04	9.051e-01
4.380e+04	8.997e-01
4.390e+04	8.917e-01
4.400e+04	8.850e-01
4.410e+04	8.794e-01
4.420e+04	8.738e-01
4.430e+04	8.707e-01
4.440e+04	8.664e-01
4.450e+04	8.645e-01
4.460e+04	8.652e-01
4.470e+04	8.697e-01
4.480e+04	8.780e-01
4.490e+04	8.889e-01
4.500e+04	9.012e-01
4.510e+04	9.161e-01
4.520e+04	9.285e-01
4.530e+04	9.422e-01
4.540e+04	9.533e-01
4.550e+04	9.619e-01
4.560e+04	9.692e-01
4.570e+04	9.740e-01
4.580e+04	9.774e-01
4.590e+04	9.769e-01
4.600e+04	9.751e-01
4.610e+04	9.720e-01
4.620e+04	9.662e-01
4.630e+04	9.603e-01
4.640e+04	9.531e-01
4.650e+04	9.459e-01
4.660e+04	9.386e-01
4.670e+04	9.353e-01
4.680e+04	9.319e-01
4.690e+04	9.312e-01
4.700e+04	9.305e-01
4.710e+04	9.338e-01
4.720e+04	9.385e-01
4.730e+04	9.446e-01
4.740e+04	9.547e-01
4.750e+04	9.621e-01
4.760e+04	9.723e-01
4.770e+04	9.798e-01
4.780e+04	9.860e-01
4.790e+04	9.880e-01
4.800e+04	9.901e-01
4.810e+04	9.894e-01
4.820e+04	9.887e-01
4.830e+04	9.894e-01
4.840e+04	9.887e-01
4.850e+04	9.893e-01
4.860e+04	9.900e-01
4.870e+04	9.906e-01
4.880e+04	9.927e-01
4.890e+04	9.947e-01
4.900e+04	9.967e-01
4.910e+04	9.973e-01
4.920e+04	9.994e-01
4.930e+04	1.000e+00
4.940e+04	9.992e-01
4.950e+04	9.970e-01
4.960e+04	9.948e-01
4.970e+04	9.911e-01
4.980e+04	9.860e-01
4.990e+04	9.808e-01
#Spitzer 3.6 microns
      30810.6  0.000490000
      30828.9  0.000586000
      30847.3  0.000453000
      30865.6  0.000458000
      30884.0  0.000439000
      30902.4  0.000531000
      30920.8  0.000641000
      30939.3  0.000442000
      30957.8  0.000535000
      30976.2  0.000655000
      30994.8  0.000525000
      31013.3  0.000631000
      31031.9  0.000618000
      31050.4  0.000496000
      31069.0  0.000700000
      31087.7  0.000895000
      31106.3  0.000873000
      31125.0   0.00104500
      31143.7   0.00129400
      31162.4   0.00139000
      31181.1   0.00168300
      31199.9   0.00213200
      31218.7   0.00241300
      31237.5   0.00278200
      31256.3   0.00334300
      31275.2   0.00384600
      31294.0   0.00459600
      31312.9   0.00576000
      31331.9   0.00688900
      31350.8   0.00831300
      31369.8    0.0101700
      31388.8    0.0121800
      31407.8    0.0148200
      31426.8    0.0181600
      31445.9    0.0218100
      31464.9    0.0264600
      31484.1    0.0319700
      31503.2    0.0385700
      31522.3    0.0465000
      31541.5    0.0552200
      31560.7    0.0653300
      31579.9    0.0774000
      31599.2    0.0914700
      31618.4     0.106100
      31637.7     0.122000
      31657.0     0.140600
      31676.4     0.158900
      31695.7     0.178800
      31715.1     0.200200
      31734.5     0.220500
      31754.0     0.241200
      31773.4     0.261800
      31792.9     0.282200
      31812.4     0.298600
      31831.9     0.314000
      31851.5     0.330400
      31871.1     0.343100
      31890.7     0.352900
      31910.3     0.360600
      31929.9     0.368500
      31949.6     0.372300
      31969.3     0.373700
      31989.0     0.375000
      32008.8     0.374400
      32028.6     0.371800
      32048.4     0.370300
      32068.2     0.368600
      32088.0     0.365300
      32107.9     0.361900
      32127.8     0.358000
      32147.7     0.354100
      32167.6     0.351300
      32187.6     0.349500
      32207.6     0.348400
      32227.6     0.345200
      32247.7     0.343700
      32267.7     0.344600
      32287.8     0.343600
      32307.9     0.343600
      32328.1     0.344300
      32348.2     0.344800
      32368.4     0.347400
      32388.7     0.349600
      32408.9     0.351200
      32429.2     0.354100
      32449.5     0.357800
      32469.8     0.362300
      32490.1     0.366100
      32510.5     0.369800
      32530.9     0.374800
      32551.3     0.379500
      32571.8     0.384100
      32592.2     0.389500
      32612.7     0.393600
      32633.2     0.397400
      32653.8     0.400700
      32674.4     0.403400
      32695.0     0.406500
      32715.6     0.410400
      32736.3     0.412500
      32756.9     0.413700
      32777.6     0.415800
      32798.4     0.415800
      32819.1     0.416300
      32839.9     0.416500
      32860.7     0.415300
      32881.6     0.414500
      32902.4     0.414300
      32923.3     0.414500
      32944.2     0.413400
      32965.2     0.412500
      32986.2     0.411700
      33007.1     0.409100
      33028.2     0.408600
      33049.2     0.409100
      33070.3     0.406900
      33091.4     0.406000
      33112.5     0.405600
      33133.7     0.405000
      33154.9     0.405500
      33176.1     0.404400
      33197.3     0.402400
      33218.6     0.402700
      33239.9     0.403600
      33261.2     0.404200
      33282.6     0.404700
      33303.9     0.404300
      33325.3     0.404700
      33346.8     0.406600
      33368.2     0.406800
      33389.7     0.406600
      33411.2     0.407000
      33432.8     0.406700
      33454.3     0.406500
      33475.9     0.406700
      33497.6     0.407200
      33519.2     0.407000
      33540.9     0.406600
      33562.6     0.406300
      33584.3     0.405100
      33606.1     0.405100
      33627.9     0.404900
      33649.7     0.403900
      33671.6     0.404800
      33693.5     0.404100
      33715.4     0.401600
      33737.3     0.403300
      33759.3     0.405600
      33781.3     0.405600
      33803.3     0.406300
      33825.3     0.407100
      33847.4     0.408000
      33869.5     0.410900
      33891.7     0.413500
      33913.8     0.416000
      33936.0     0.418700
      33958.2     0.420800
      33980.5     0.424500
      34002.8     0.427300
      34025.1     0.429100
      34047.4     0.432100
      34069.8     0.433300
      34092.2     0.433500
      34114.6     0.435300
      34137.1     0.436700
      34159.6     0.435400
      34182.1     0.434400
      34204.6     0.435600
      34227.2     0.435100
      34249.8     0.434300
      34272.5     0.434000
      34295.1     0.430300
      34317.8     0.426500
      34340.6     0.425400
      34363.3     0.424300
      34386.1     0.422100
      34408.9     0.420200
      34431.8     0.417900
      34454.6     0.416300
      34477.5     0.415700
      34500.5     0.414300
      34523.5     0.413900
      34546.5     0.414000
      34569.5     0.413100
      34592.6     0.413400
      34615.6     0.414500
      34638.8     0.415800
      34661.9     0.417600
      34685.1     0.418600
      34708.3     0.419400
      34731.6     0.421800
      34754.8     0.424800
      34778.2     0.427100
      34801.5     0.430500
      34824.9     0.434300
      34848.3     0.436900
      34871.7     0.440200
      34895.2     0.443400
      34918.7     0.445100
      34942.2     0.447700
      34965.8     0.450600
      34989.4     0.452900
      35013.0     0.455700
      35036.6     0.457200
      35060.3     0.456400
      35084.1     0.456400
      35107.8     0.458300
      35131.6     0.459900
      35155.4     0.460500
      35179.3     0.461400
      35203.1     0.461500
      35227.1     0.461500
      35251.0     0.461600
      35275.0     0.461500
      35299.0     0.462100
      35323.0     0.462900
      35347.1     0.462000
      35371.2     0.459600
      35395.4     0.458000
      35419.6     0.458200
      35443.8     0.457100
      35468.0     0.455500
      35492.3     0.455500
      35516.6     0.454700
      35540.9     0.453700
      35565.3     0.452800
      35589.7     0.451800
      35614.2     0.452100
      35638.6     0.452600
      35663.2     0.452600
      35687.7     0.451500
      35712.3     0.450500
      35736.9     0.450300
      35761.5     0.450800
      35786.2     0.452200
      35810.9     0.452800
      35835.7     0.452800
      35860.5     0.454400
      35885.3     0.456200
      35910.1     0.457400
      35935.0     0.458600
      35959.9     0.459500
      35984.9     0.460200
      36009.9     0.460200
      36034.9     0.459600
      36060.0     0.459500
      36085.1     0.458800
      36110.2     0.459100
      36135.4     0.459700
      36160.6     0.458400
      36185.8     0.457600
      36211.1     0.456800
      36236.4     0.455800
      36261.7     0.455300
      36287.1     0.453600
      36312.5     0.450900
      36337.9     0.448700
      36363.4     0.446900
      36388.9     0.445600
      36414.5     0.444800
      36440.1     0.442500
      36465.7     0.440600
      36491.4     0.440100
      36517.1     0.438100
      36542.8     0.436900
      36568.6     0.437600
      36594.4     0.436400
      36620.2     0.435200
      36646.1     0.435500
      36672.0     0.435700
      36698.0     0.436700
      36724.0     0.438200
      36750.0     0.438900
      36776.1     0.439000
      36802.2     0.440500
      36828.3     0.444100
      36854.5     0.446000
      36880.7     0.446800
      36906.9     0.449500
      36933.2     0.452500
      36959.5     0.455100
      36985.9     0.457200
      37012.3     0.459000
      37038.7     0.460200
      37065.2     0.462300
      37091.7     0.465800
      37118.3     0.468800
      37144.9     0.470200
      37171.5     0.470500
      37198.2     0.470500
      37224.9     0.471000
      37251.6     0.472100
      37278.4     0.473200
      37305.2     0.473400
      37332.1     0.472700
      37359.0     0.473000
      37385.9     0.472800
      37412.9     0.472800
      37439.9     0.473200
      37466.9     0.472300
      37494.0     0.471000
      37521.2     0.469700
      37548.3     0.469400
      37575.5     0.469700
      37602.8     0.467500
      37630.1     0.464700
      37657.4     0.463700
      37684.8     0.463500
      37712.2     0.462200
      37739.6     0.460400
      37767.1     0.460100
      37794.6     0.459600
      37822.2     0.458400
      37849.8     0.456700
      37877.5     0.456800
      37905.1     0.457500
      37932.9     0.456800
      37960.6     0.457100
      37988.4     0.457100
      38016.3     0.455600
      38044.2     0.456400
      38072.1     0.456900
      38100.1     0.454100
      38128.1     0.453000
      38156.2     0.452900
      38184.3     0.451100
      38212.4     0.449500
      38240.6     0.447000
      38268.8     0.444300
      38297.1     0.443000
      38325.4     0.441300
      38353.7     0.438500
      38382.1     0.437400
      38410.5     0.435200
      38439.0     0.431700
      38467.5     0.430200
      38496.1     0.429400
      38524.7     0.428000
      38553.3     0.428000
      38582.0     0.428000
      38610.7     0.428200
      38639.5     0.430100
      38668.3     0.433000
      38697.2     0.436400
      38726.1     0.439600
      38755.0     0.442300
      38784.0     0.444500
      38813.0     0.446100
      38842.1     0.447100
      38871.2     0.448300
      38900.4     0.447300
      38929.6     0.443700
      38958.9     0.434700
      38988.1     0.421100
      39017.5     0.405000
      39046.9     0.383500
      39076.3     0.355900
      39105.8     0.328600
      39135.3     0.293700
      39164.8     0.256300
      39194.4     0.221500
      39224.1     0.186900
      39253.8     0.152200
      39283.5     0.123700
      39313.3    0.0989000
      39343.1    0.0775000
      39373.0    0.0586900
      39402.9    0.0448500
      39432.9    0.0337300
      39462.9    0.0251500
      39492.9    0.0187700
      39523.0    0.0137600
      39553.2   0.00961000
      39583.4   0.00688800
      39613.6   0.00477900
      39643.9   0.00298300
      39674.2   0.00203100
      39704.6   0.00163300
      39735.0   0.00135400
      39765.5   0.00121400
      39796.0   0.00118600
      39826.6   0.00107700
      39857.2   0.00112800
      39887.9   0.00128700
      39918.6   0.00126900
      39949.3   0.00117700
      39980.1   0.00112500
      40011.0   0.00107400
      40041.9  0.000936000
      40072.8  0.000751000
      40103.8  0.000590000
#Spitzer 4.5 microns
      37224.9   0.00120100
      37251.6   0.00109900
      37278.4   0.00111700
      37305.2   0.00121300
      37332.1   0.00121100
      37359.0   0.00125300
      37385.9   0.00123100
      37412.9   0.00120900
      37439.9   0.00123700
      37466.9   0.00119700
      37494.0   0.00112800
      37521.2   0.00109100
      37548.3   0.00103700
      37575.5  0.000956000
      37602.8  0.000858000
      37630.1  0.000717000
      37657.4  0.000602000
      37684.8  0.000578000
      37712.2  0.000587000
      37739.6  0.000474000
      37767.1  0.000377000
      37794.6  0.000317000
      37822.2  0.000233000
      37849.8  0.000230000
      37877.5  0.000157000
      37905.1  0.000228000
      37932.9  0.000424000
      37960.6  0.000474000
      37988.4  0.000563000
      38016.3  0.000633000
      38044.2  0.000451000
      38072.1  0.000464000
      38100.1  0.000850000
      38128.1  0.000942000
      38156.2  0.000812000
      38184.3   0.00103900
      38212.4   0.00113600
      38240.6   0.00104000
      38268.8   0.00132200
      38297.1   0.00136100
      38325.4   0.00119400
      38353.7   0.00118400
      38382.1   0.00110800
      38410.5   0.00112700
      38439.0   0.00119100
      38467.5   0.00114200
      38496.1   0.00113800
      38524.7  0.000946000
      38553.3  0.000972000
      38582.0   0.00102100
      38610.7  0.000773000
      38639.5  0.000693000
      38668.3  0.000647000
      38697.2  0.000523000
      38726.1  0.000451000
      38755.0  0.000366000
      38784.0  0.000398000
      38813.0  0.000391000
      38842.1  0.000223000
      38871.2  0.000226000
      38900.4  0.000307000
      38929.6  0.000401000
      38958.9  0.000664000
      38988.1   0.00120600
      39017.5   0.00162400
      39046.9   0.00192000
      39076.3   0.00269700
      39105.8   0.00355900
      39135.3   0.00423600
      39164.8   0.00516300
      39194.4   0.00627300
      39224.1   0.00732700
      39253.8   0.00878600
      39283.5    0.0106800
      39313.3    0.0123700
      39343.1    0.0143200
      39373.0    0.0166800
      39402.9    0.0193700
      39432.9    0.0223200
      39462.9    0.0258100
      39492.9    0.0299400
      39523.0    0.0347900
      39553.2    0.0402400
      39583.4    0.0469000
      39613.6    0.0548100
      39643.9    0.0638100
      39674.2    0.0743600
      39704.6    0.0866900
      39735.0     0.101000
      39765.5     0.117500
      39796.0     0.135800
      39826.6     0.157300
      39857.2     0.179300
      39887.9     0.202300
      39918.6     0.228100
      39949.3     0.252200
      39980.1     0.277500
      40011.0     0.300400
      40041.9     0.320700
      40072.8     0.339000
      40103.8     0.355000
      40134.9     0.366900
      40165.9     0.375500
      40197.1     0.380500
      40228.3     0.383700
      40259.5     0.385400
      40290.8     0.384600
      40322.1     0.382400
      40353.5     0.379800
      40384.9     0.378100
      40416.4     0.374300
      40447.9     0.369500
      40479.5     0.365700
      40511.1     0.360700
      40542.8     0.356800
      40574.5     0.353100
      40606.3     0.348800
      40638.1     0.344300
      40670.0     0.340200
      40701.9     0.336700
      40733.9     0.333700
      40765.9     0.330800
      40798.0     0.328300
      40830.1     0.326800
      40862.3     0.326200
      40894.5     0.325400
      40926.8     0.324900
      40959.1     0.325100
      40991.5     0.326000
      41023.9     0.328300
      41056.4     0.330300
      41088.9     0.332400
      41121.5     0.335100
      41154.2     0.338600
      41186.8     0.344800
      41219.6     0.350700
      41252.4     0.355200
      41285.2     0.361700
      41318.1     0.368900
      41351.1     0.376400
      41384.1     0.383800
      41417.1     0.391600
      41450.2     0.399500
      41483.4     0.408500
      41516.6     0.418100
      41549.9     0.426900
      41583.2     0.434900
      41616.6     0.441100
      41650.0     0.447300
      41683.5     0.454500
      41717.0     0.460500
      41750.6     0.466000
      41784.2     0.470900
      41817.9     0.475500
      41851.7     0.479800
      41885.5     0.484100
      41919.3     0.488500
      41953.3     0.490800
      41987.2     0.492200
      42021.3     0.494800
      42055.3     0.496700
      42089.5     0.497200
      42123.7     0.497400
      42157.9     0.497000
      42192.2     0.497200
      42226.6     0.496300
      42261.0     0.494200
      42295.5     0.492300
      42330.0     0.490400
      42364.6     0.488300
      42399.2     0.487300
      42433.9     0.484700
      42468.7     0.480500
      42503.5     0.477300
      42538.3     0.474900
      42573.3     0.472800
      42608.2     0.470400
      42643.3     0.468000
      42678.4     0.467400
      42713.5     0.466400
      42748.7     0.464600
      42784.0     0.465100
      42819.3     0.465900
      42854.7     0.465700
      42890.2     0.466200
      42925.7     0.467700
      42961.3     0.471400
      42996.9     0.474400
      43032.6     0.477300
      43068.3     0.480700
      43104.1     0.483200
      43140.0     0.486400
      43175.9     0.490200
      43211.9     0.492900
      43247.9     0.495400
      43284.0     0.498300
      43320.2     0.501400
      43356.4     0.504600
      43392.7     0.506900
      43429.0     0.509000
      43465.4     0.510800
      43501.9     0.512800
      43538.4     0.514800
      43575.0     0.515600
      43611.6     0.516200
      43648.3     0.519400
      43685.1     0.522800
      43721.9     0.523700
      43758.8     0.525200
      43795.8     0.527900
      43832.8     0.529900
      43869.9     0.531300
      43907.1     0.533600
      43944.3     0.536800
      43981.5     0.539100
      44018.9     0.540700
      44056.3     0.542300
      44093.7     0.543800
      44131.3     0.545900
      44168.9     0.547300
      44206.5     0.547000
      44244.2     0.547100
      44282.0     0.547900
      44319.9     0.548000
      44357.8     0.548100
      44395.7     0.548100
      44433.8     0.546400
      44471.9     0.546200
      44510.1     0.546700
      44548.3     0.544300
      44586.6     0.541900
      44625.0     0.541700
      44663.4     0.541800
      44701.9     0.540000
      44740.5     0.537500
      44779.1     0.536500
      44817.8     0.535100
      44856.6     0.532300
      44895.4     0.531000
      44934.3     0.529700
      44973.3     0.526600
      45012.4     0.523500
      45051.5     0.521800
      45090.6     0.519100
      45129.9     0.516500
      45169.2     0.515500
      45208.6     0.513500
      45248.0     0.511000
      45287.5     0.509900
      45327.1     0.508200
      45366.8     0.506700
      45406.5     0.506900
      45446.3     0.506900
      45486.2     0.505200
      45526.1     0.504000
      45566.1     0.503700
      45606.2     0.503200
      45646.3     0.503400
      45686.5     0.503200
      45726.8     0.501800
      45767.2     0.500600
      45807.6     0.499800
      45848.1     0.498100
      45888.7     0.495500
      45929.3     0.493900
      45970.1     0.493000
      46010.9     0.491100
      46051.7     0.488900
      46092.7     0.486000
      46133.7     0.483600
      46174.7     0.481200
      46215.9     0.477700
      46257.1     0.475200
      46298.4     0.472500
      46339.8     0.469700
      46381.2     0.470500
      46422.8     0.471700
      46464.4     0.472600
      46506.0     0.474400
      46547.8     0.475100
      46589.6     0.476500
      46631.5     0.479700
      46673.5     0.482600
      46715.5     0.484500
      46757.6     0.486300
      46799.8     0.488900
      46842.1     0.491000
      46884.5     0.492300
      46926.9     0.494100
      46969.4     0.495500
      47012.0     0.497000
      47054.7     0.498300
      47097.4     0.498500
      47140.2     0.497900
      47183.1     0.496600
      47226.1     0.494600
      47269.1     0.493800
      47312.3     0.492300
      47355.5     0.489100
      47398.7     0.485300
      47442.1     0.483300
      47485.6     0.480500
      47529.1     0.476700
      47572.7     0.473800
      47616.4     0.470700
      47660.1     0.467100
      47704.0     0.464800
      47747.9     0.462200
      47791.9     0.458200
      47836.0     0.454300
      47880.2     0.451300
      47924.4     0.449600
      47968.8     0.448500
      48013.2     0.446700
      48057.7     0.445200
      48102.3     0.443600
      48146.9     0.442100
      48191.7     0.442100
      48236.5     0.442100
      48281.4     0.440500
      48326.4     0.439900
      48371.5     0.441000
      48416.6     0.441100
      48461.9     0.440500
      48507.2     0.440900
      48552.7     0.441000
      48598.2     0.440600
      48643.7     0.441100
      48689.4     0.441000
      48735.2     0.441100
      48781.0     0.441400
      48827.0     0.441800
      48873.0     0.443500
      48919.1     0.444100
      48965.3     0.444600
      49011.6     0.445400
      49057.9     0.446100
      49104.4     0.446000
      49150.9     0.443800
      49197.6     0.441900
      49244.3     0.439100
      49291.1     0.434400
      49338.0     0.427100
      49385.0     0.418700
      49432.1     0.410800
      49479.2     0.402300
      49526.5     0.393600
      49573.8     0.386100
      49621.3     0.380000
      49668.8     0.376400
      49716.4     0.374300
      49764.1     0.372600
      49811.9     0.371600
      49859.8     0.372800
      49907.8     0.368600
      49955.9     0.356200
      49999.0	  0.333041
# GALEX_NUV
      1690.000000   0.000000
      1710.000000   2.626000
      1730.000000   2.978000
      1750.000000   3.330000
      1770.000000   6.074000
      1790.000000   8.818000
      1810.000000  11.670000
      1830.000000  14.630000
      1850.000000  17.590000
      1870.000000  21.230000
      1890.000000  24.870001
      1910.000000  28.025999
      1930.000000  30.698000
      1950.000000  33.369999
      1970.000000  37.993999
      1990.000000  42.618000
      2010.000000  45.366001
      2030.000000  46.237999
      2050.000000  47.110001
      2070.000000  49.306000
      2090.000000  51.501999
      2110.000000  53.980000
      2130.000000  56.740002
      2150.000000  59.500000
      2170.000000  60.363998
      2190.000000  61.228001
      2210.000000  60.612000
      2230.000000  58.515999
      2250.000000  56.419998
      2270.000000  55.076000
      2290.000000  53.731998
      2310.000000  51.978001
      2330.000000  49.813999
      2350.000000  47.650002
      2370.000000  48.882000
      2390.000000  50.113998
      2410.000000  51.278000
      2430.000000  52.374001
      2450.000000  53.470001
      2470.000000  53.085999
      2490.000000  52.702000
      2510.000000  52.334000
      2530.000000  51.981998
      2550.000000  51.630001
      2570.000000  51.006001
      2590.000000  50.382000
      2610.000000  49.194000
      2630.000000  47.442001
      2650.000000  45.689999
      2670.000000  42.450001
      2690.000000  39.209999
      2710.000000  35.051998
      2730.000000  29.976000
      2750.000000  24.900000
      2770.000000  19.271999
      2790.000000  13.644000
      2810.000000   9.354000
      2830.000000   6.402000
      2850.000000   3.450000
      2870.000000   2.570000
      2890.000000   1.690000
      2910.000000   1.272000
      2930.000000   1.316000
      2950.000000   1.360000
      2970.000000   1.556000
      2990.000000   1.752000
      3010.000000   0.000000
